1 0.5097710946496806 0.2036106571813058 0.47236180904522607 0.4072213143626116
0 0.823562289801874 0.3156523584720477 0.14628695642928183 0.4481668051629676
0 0.9734785121489609 0.7813140000130863 0.053042975702078186 0.4384886945578587
0 0.2886655670114897 0.7377629112358668 0.07035175879396985 0.09826912339475152
0 0.07984367127793916 0.12767542546717964 0.15968734255587833 0.2553508509343593
0 0.08431043257465713 0.43402198437936207 0.12171969262000104 0.22333891680625348
0 0.6532663827765127 0.5881258199362698 0.13400335008375208 0.15038152595660595
1 0.7557230682628637 0.24902289223897262 0.48855386347427243 0.49804578447794523
1 0.05304300126118875 0.7820584517095024 0.1060860025223775 0.43699979116502646
1 0.8026242407921771 0.8591103780076598 0.394751518415646 0.2575842401024218
1 0.7948073957433652 0.5449469570072585 0.41038520851326954 0.906756002233389
0 0.27024008081586315 0.13176997369524487 0.1920714514139709 0.21142752778922824
1 0.07816862940189226 0.5724920957598322 0.15633725880378452 0.7801972713502408
0 0.21105527638190952 0.9209008230169946 0.17643771019812604 0.13698115686941653
0 0.8199330238840687 0.49804581855675945 0.3601339522318625 0.3737204768416736
1 0.19542156072517533 0.13512004466778335 0.39084312145035066 0.2702400893355667
0 0.7470686767169179 0.04206216408512833 0.498045750399131 0.08412432817025665
1 0.12060301507537688 0.30448539133247615 0.23673921773581447 0.6015261464249415
0 0.10106085133512614 0.8215150050382118 0.18202120015768947 0.35808668450760744
0 0.512562865188573 0.71840686041972 0.22110552763819094 0.22036104186296063
0 0.31937468511175665 0.5695142378559463 0.06923503013112438 0.10720268006700166
0 0.8548297211153422 0.1261864879955332 0.2892238291064698 0.2523729759910664
0 0.09771076758303235 0.19467710050905568 0.1954215351660647 0.38935420101811136
